2500 3000
42 968 135
1501 1670 125
1479 1859 163
1965 706 146
782 1828 162
492 496 143
2328 437 192
2105 1403 154
293 2383 22
1217 2219 96
448 1727 172
1539 1870 113
668 1300 36
2395 1204 12
1323 334 74
2165 142 112
754 1869 148
145 163 158
38 360 124
2242 30 179
2317 536 191
1843 289 107
1541 1443 65
149 2447 6
891 1730 171
351 7 102
1894 1049 30
124 1585 155
1257 1841 167
2377 1432 109
1945 2440 27
1324 538 139
1119 2083 130
1542 2334 116
2140 2159 105
2431 1478 107
1674 2387 22
1246 1925 73
1271 830 178
574 98 113
1487 791 162
1137 2356 168
1156 575 32
2053 2351 151
1942 1725 167
931 1108 192
508 1338 58
2288 254 184
2446 1410 10
2259 1722 189
1423 2447 107
531 1414 169
901 92 163
1656 2411 160
125 538 149
1484 96 42
1103 1851 92
837 1875 21
2097 1522 149
700 2169 85
782 2235 54
2000 1419 139
1901 1289 128
468 1229 94
2149 2484 8
2422 1811 18
314 2015 110
117 1436 52
601 250 120
1557 299 104
1225 1009 45
110 2490 103
696 486 94
1844 524 188
1815 2004 49
201 959 19
581 2297 199
282 2090 199
510 2158 73
1123 1039 93
1039 1680 191
2158 459 192
2316 389 157
1512 1203 35
1773 56 129
147 1363 87
1376 934 70
143 1345 17
1882 1999 123
1152 22 100
1058 977 93
1890 76 113
101 11 4
1870 362 89
902 2290 56
1424 3 186
1683 286 89
1427 1118 158
2333 933 170
2155 722 190
2477 1330 169
1193 1426 156
935 1550 42
2013 146 61
1719 1254 140
2424 1280 197
1688 30 150
2438 2367 150
194 696 98
417 787 106
1989 1283 56
735 615 102
1317 672 187
2264 1814 156
1186 54 113
809 1833 146
1814 257 122
2059 1147 183
482 1645 197
223 2130 162
536 451 174
467 2045 60
1293 1440 54
25 1155 111
2246 650 187
814 1975 23
2169 1519 188
2406 459 192
203 1126 78
1915 1815 25
1835 875 173
160 1834 71
2488 798 119
678 274 71
1764 169 193
1486 603 81
1714 128 3
1600 528 26
1544 1925 24
2473 562 182
1004 2433 106
94 226 32
993 143 23
1287 565 101
1688 861 14
975 1771 171
236 834 112
761 1397 68
2286 51 141
1195 196 25
520 2126 177
1695 159 103
2372 2467 79
94 1352 85
1019 965 120
653 301 88
1061 1927 11
2258 2171 116
2077 228 44
259 2165 110
383 2087 166
988 2078 75
126 628 30
1929 424 121
1903 2463 124
2097 1238 62
196 26 65
761 1203 117
31 327 12
772 1412 148
1154 1521 191
2425 189 164
2441 852 63
1330 901 114
1459 79 166
508 1478 1
1059 1440 104
261 1858 125
1478 109 114
2388 2302 51
1961 2429 194
2385 1906 141
1112 1205 36
2357 1073 151
1324 1986 157
717 1627 158
1027 858 138
772 1370 162
397 523 18
113 218 97
1586 1542 24
1630 1730 166
1560 1433 97
2356 2054 163
1085 2235 55
1973 1458 170
33 464 8
2484 912 36
68 349 76
439 2224 143
1255 1512 142
176 1460 26
722 371 27
1935 206 184
1351 2399 80
202 2194 135
1638 1535 157
1994 177 106
1963 549 82
301 1914 42
2356 2356 143
1463 112 78
425 179 153
944 797 74
41 1814 76
73 319 11
1018 2433 113
696 670 32
41 1489 86
1591 1998 190
991 146 154
1815 1152 141
2045 1259 136
1260 1193 6
265 2182 104
1330 1276 9
1793 998 150
2057 562 28
1468 2042 130
1241 314 175
602 1078 16
1184 714 193
825 602 193
760 171 29
528 1585 76
1287 499 171
1288 1348 5
504 1222 64
707 2364 11
2172 2490 41
2165 543 20
914 92 105
1819 1733 151
206 2476 140
304 1423 99
1248 1085 49
472 365 114
1076 1546 113
47 1179 170
263 1020 186
790 945 66
1041 746 109
819 371 2
824 1133 73
2153 88 171
2264 2402 104
1924 1028 1
1970 1516 166
29 1544 148
2089 444 38
2410 1464 50
2182 1589 143
609 2061 22
1759 2455 89
1647 691 150
344 1431 21
749 2068 137
784 536 27
186 2039 54
630 1225 149
2424 860 58
2267 2445 156
819 227 12
1026 356 2
50 1997 185
2016 465 143
576 414 143
1197 1949 73
427 2107 174
1930 2405 106
627 2313 176
94 1566 37
2237 1642 15
995 757 53
1437 839 83
1356 1016 132
731 342 26
2012 138 187
2191 1651 63
1635 894 154
1417 953 9
2263 2234 55
1304 1635 104
1757 149 125
2318 1714 110
1529 1701 81
1319 1859 51
1656 1362 65
1904 1177 44
1910 2403 162
990 2449 83
1154 675 21
403 1924 32
1870 1379 60
1509 120 172
4 1946 182
1505 2393 86
314 1699 190
223 939 38
1411 1462 35
9 2462 160
1494 1516 70
2438 1370 59
2201 1472 65
118 1216 156
316 831 40
213 1789 83
1955 1086 111
1985 2275 181
2316 952 142
616 1680 111
899 574 189
1478 633 157
1190 1114 9
442 791 124
1364 29 185
2279 2201 72
1886 1975 72
1334 368 154
1796 2169 26
2177 630 51
99 810 94
2187 81 117
2250 1668 129
1680 365 22
906 1327 17
17 227 67
1588 182 165
1341 687 22
1663 2222 65
1810 416 103
2374 2125 142
246 1763 24
32 2307 69
1819 603 108
1808 982 13
1137 1631 115
1810 1585 157
2291 1294 197
1653 1055 146
2209 249 92
1213 132 115
1440 459 123
2205 1996 53
270 2480 39
1424 419 67
160 2499 87
1197 2463 34
2159 2023 147
893 538 126
648 1959 3
808 1599 31
1793 2101 79
800 853 49
1383 541 116
2076 1263 168
2337 898 19
2398 829 52
1817 1731 50
1926 659 30
2021 941 161
148 163 56
676 793 162
1755 1399 147
1215 1947 189
2070 1139 64
76 2016 122
476 616 129
735 71 106
1965 2058 163
1662 525 150
2470 331 124
851 1834 126
911 2238 137
838 1279 194
137 715 165
1592 2450 136
6 838 5
1338 124 65
2471 609 169
1782 2086 153
874 1153 195
2377 1327 197
73 1250 41
1675 1320 144
112 1942 90
920 566 6
86 1217 51
1616 110 65
1667 1894 75
1010 301 96
2074 590 162
1173 469 159
1032 1269 27
1011 423 175
1280 911 153
1683 392 96
765 875 165
2403 756 61
475 1973 22
1123 548 178
2290 606 196
95 451 144
755 2482 13
1673 940 29
913 2263 168
1909 1916 109
2224 1760 35
205 1987 120
959 946 7
667 1201 168
193 1788 133
557 975 48
22 784 23
1832 2377 184
1949 224 183
2019 2277 21
1112 2183 57
1991 1426 125
1487 2178 170
1644 35 78
169 1069 192
2197 284 29
228 1927 72
698 113 104
1028 1409 146
2009 2186 39
1738 1444 114
2 1351 129
2112 1151 150
1193 1455 70
682 2466 68
214 2294 35
473 973 31
2402 943 178
1378 771 103
1865 1382 191
1324 2238 24
2180 1596 170
2328 2043 111
683 1059 127
1988 1671 129
652 2259 14
2361 784 87
243 1111 73
2129 935 42
719 1004 68
2366 939 82
1758 251 15
1099 959 62
1064 257 8
279 1990 36
1366 2076 187
1387 334 161
831 1049 129
1993 2434 41
1767 1736 11
1600 1838 93
1983 2329 153
1370 1245 195
1609 1753 48
2433 2036 9
765 998 44
150 2016 42
190 1101 13
649 2024 52
1975 1134 92
2201 2355 191
698 2420 181
79 432 145
841 988 100
26 984 139
2493 1194 53
12 1561 35
1841 1498 186
1030 1541 6
1292 893 11
1050 1579 180
972 1778 74
194 1621 98
1327 1277 191
1583 1079 160
419 1490 160
950 425 73
381 2009 168
209 1478 104
371 108 197
2075 1223 12
1520 1262 57
391 1164 84
1217 2433 53
242 2455 14
363 397 61
616 905 200
137 2181 199
2033 1888 185
2241 1018 7
1171 242 83
250 1024 159
2106 2122 96
2297 2417 79
179 1080 59
78 251 8
1230 1582 196
179 2177 154
900 1785 166
594 1109 173
1244 2430 115
169 56 192
974 1423 149
652 987 145
1447 1578 118
2130 2417 75
792 470 113
647 694 92
2316 1950 58
641 1053 37
1052 1988 27
663 1956 184
895 181 98
566 2066 114
1762 79 79
1879 1641 12
1948 2446 171
2476 990 151
1150 834 66
2215 2283 8
2433 1397 168
1023 2383 11
142 2232 188
1706 1480 122
1539 1352 48
1709 2147 77
760 190 23
167 987 56
2029 2115 61
1754 1778 149
4 862 32
1583 2456 198
2107 1253 22
2297 1282 22
1956 948 125
819 1636 177
1775 2360 199
2075 1754 123
636 1644 89
654 733 148
1181 2427 79
1451 2302 162
1700 856 164
717 574 162
746 1474 75
1551 1854 182
1788 200 111
1144 2466 173
30 2482 113
977 1882 48
1891 1672 6
2373 33 190
1821 666 32
2159 1294 7
1579 1949 7
2172 667 197
1698 1021 95
530 2289 110
485 1970 179
1618 1516 27
1185 1669 107
929 2098 119
1891 200 186
1987 1700 21
711 772 14
2416 1086 119
1081 1332 68
888 945 187
2008 1861 28
575 1432 153
272 269 94
2386 338 112
105 178 7
269 1523 14
1 543 138
39 1389 156
790 1648 182
594 1585 188
762 494 18
2002 2483 48
666 754 105
85 1596 126
222 1465 182
2373 607 57
844 94 81
1081 2369 12
1214 969 52
2217 2080 169
2041 1532 134
1280 664 60
1654 437 96
1866 1875 121
1836 681 177
956 726 72
2309 1060 157
603 333 106
441 2376 163
386 1963 81
1837 798 3
509 81 141
2077 1559 94
241 1047 75
2274 1598 81
836 1073 1
708 456 67
1642 1089 82
2169 816 197
1226 1010 13
637 1456 163
44 743 22
423 2013 49
1019 2369 118
2215 151 91
836 260 170
1896 304 41
1980 1700 106
2292 1162 82
1153 1254 34
2030 988 43
1254 84 21
815 219 45
1064 2230 53
1365 2270 71
6 1048 195
1488 1827 77
1324 1541 80
1491 89 111
1772 446 22
971 184 190
1456 2479 180
7 763 136
988 2197 34
2089 436 180
994 2291 163
1466 1002 106
1808 2068 70
635 172 58
499 1046 198
1719 1339 45
2373 1064 29
1765 1302 124
991 105 2
1728 1198 93
2272 364 102
2364 222 166
2422 946 11
496 1742 23
1813 1652 16
556 894 139
280 2383 9
155 1323 108
1746 1339 145
2291 1340 155
2105 2124 26
79 1725 182
2331 2234 24
595 1631 47
2488 1946 6
1117 751 90
2339 1964 136
2198 2210 31
725 1909 138
1975 1921 173
294 1356 135
2062 1057 7
685 2076 183
1620 1742 33
2185 280 80
784 668 37
1626 1619 138
529 2120 178
738 1592 157
296 1061 102
1294 933 137
2081 2376 108
1185 575 120
1791 477 42
852 830 91
475 573 192
2190 788 91
740 2394 54
2064 682 104
2006 1677 80
1696 1140 69
1499 1084 40
2016 122 194
827 723 39
2329 82 200
1479 1892 24
1944 2335 44
2350 203 108
503 142 88
847 892 38
914 1401 17
1691 663 136
1627 1911 78
1383 1261 190
1706 1375 64
723 2196 167
1361 1039 189
312 746 68
2426 1868 190
543 564 148
503 2118 100
24 2227 4
49 1052 171
1137 1959 168
957 1906 132
2463 1820 176
557 32 96
545 592 4
889 1416 51
2320 1273 192
1884 134 176
2143 1070 101
455 2079 186
2258 334 94
491 104 151
2234 723 72
2112 1491 139
1642 759 48
2353 2159 80
303 184 191
3 569 23
1896 1136 9
2362 1743 195
1200 689 179
1543 1358 142
1848 2470 146
1881 1914 165
711 62 186
74 5 63
204 603 70
155 1030 153
2075 1650 131
2245 845 50
1619 1566 164
2053 1274 71
2232 1748 112
870 1899 99
2104 2353 80
554 544 123
1089 1564 35
2351 2023 41
1912 1993 52
1081 478 17
2377 1679 21
2116 2349 199
2180 1636 58
384 1663 103
763 1921 171
1523 1774 42
187 1389 118
1718 1893 99
1268 1750 66
390 1933 20
1082 2004 131
529 1132 190
653 1131 173
2365 1408 96
429 2182 91
1611 1178 72
237 1460 44
1841 134 38
1394 131 75
494 1283 4
2462 791 63
2308 998 152
924 1391 118
1641 1204 167
2384 1162 60
746 387 52
266 2102 41
2210 1498 84
1751 559 22
176 582 188
772 1788 200
5 2480 139
701 531 62
2119 206 141
1329 1960 23
1899 1261 99
436 482 15
2068 994 197
1662 247 139
171 539 77
1556 2418 172
1761 753 159
434 2256 66
727 2402 35
260 394 149
2274 1293 194
434 138 104
1191 712 95
2169 128 99
990 249 80
1648 1150 132
670 876 199
450 437 200
124 1444 132
655 362 35
1886 1468 17
1394 1705 67
954 309 24
1185 793 68
49 2470 131
812 2315 91
428 1244 5
600 1475 196
507 159 190
2359 310 90
1448 41 19
1865 476 27
90 4 67
1413 1841 171
2177 396 42
2487 152 110
688 84 86
891 1251 87
2256 1382 129
503 1778 63
1425 1066 73
833 886 29
1647 890 79
884 2426 66
1261 46 179
822 1356 121
428 2274 135
2252 176 137
1335 1002 138
1811 975 191
357 1072 81
936 2146 83
1826 1219 174
2213 538 199
2406 2163 118
1193 2040 48
947 1604 32
1616 840 59
830 146 195
2200 2146 73
676 1863 73
1274 2481 39
1898 1043 9
1704 778 126
135 1402 79
883 170 137
2479 440 139
1222 1427 64
1678 1576 125
982 201 162
1363 1003 49
96 685 17
138 2008 194
1285 445 60
822 2059 44
169 678 120
2358 542 92
265 1624 116
573 430 42
2216 116 137
2458 260 101
953 94 42
1830 2449 28
1799 1225 125
2275 634 86
39 2171 63
130 85 110
2379 1924 86
1901 525 194
606 1913 166
768 408 78
1285 705 191
2335 892 22
586 235 191
543 499 87
2019 622 25
98 1377 55
2170 609 128
2494 1069 167
1603 2439 1
820 1819 91
2485 1340 157
809 2133 79
1815 1288 40
575 21 28
55 1989 42
1799 1143 3
1322 105 147
2057 1010 34
209 2262 134
687 2305 186
143 1343 61
2162 1621 144
2079 1188 114
564 2092 135
416 657 162
13 912 160
1252 1239 171
1125 508 8
85 952 102
1990 2459 42
1791 2014 13
2356 1061 94
973 403 77
1044 2374 67
152 276 129
533 762 70
4 230 108
393 2452 154
893 71 120
1973 908 95
2006 941 184
1763 1410 8
539 1861 72
1172 655 148
1515 2024 30
490 1767 88
2257 1633 71
740 667 123
2284 661 154
2206 2092 60
387 1688 30
43 818 46
2357 889 53
655 467 34
261 1920 32
1739 1268 177
1099 1815 121
554 1508 70
1717 2223 43
1508 464 61
948 1294 31
1218 544 177
315 1627 118
1335 621 172
1793 1465 155
1367 2194 65
1276 501 13
1101 52 77
1380 944 78
1290 362 186
773 1435 145
2062 564 105
447 1389 109
2158 1431 124
1465 1575 147
1338 1982 119
1612 1293 192
1333 2124 62
1992 1462 131
999 2370 92
901 1680 118
2318 2415 196
1442 937 68
2029 1454 110
1474 482 104
1570 1817 84
368 386 3
231 2158 82
568 811 67
1188 672 78
1246 265 39
172 2048 116
2093 2312 58
1406 54 172
581 241 131
1176 1821 191
878 999 187
1605 1990 32
2245 889 11
1219 1920 60
928 2110 120
1480 217 101
1397 1854 59
831 2094 7
2350 2355 73
1161 2295 55
1334 147 30
472 429 160
2242 1922 89
1367 2034 86
2271 330 62
361 2209 183
2163 7 79
1980 1898 88
1539 1970 184
41 296 67
1134 1010 158
2318 1135 54
636 2259 194
344 1694 67
452 641 95
438 175 113
1098 2052 96
1818 993 93
238 31 14
297 1711 190
629 810 187
1745 1341 183
1070 1121 194
1293 2463 15
28 1808 195
1206 2214 12
1414 1694 65
1204 1496 163
1882 1947 110
1049 1769 25
12 455 36
1128 2134 41
1863 128 178
1318 2341 143
101 901 159
1477 655 136
1431 832 96
1038 624 123
428 530 12
1212 1755 81
2254 794 122
786 1529 44
1001 556 72
1771 2453 176
2132 1141 135
541 487 35
1749 1540 166
297 313 63
53 732 188
1965 58 49
2057 171 51
2183 2302 94
1600 833 45
2332 76 5
1551 27 67
1739 2302 24
1344 442 181
2196 419 60
1364 129 130
1089 1355 14
2480 1070 67
180 78 38
903 616 93
1724 373 49
324 1154 149
1896 198 109
409 2412 194
166 1782 3
111 2329 57
206 1466 24
770 1716 54
1806 1185 79
2146 1841 34
1786 1901 169
1495 1634 86
349 782 33
1257 2411 73
1483 1402 107
636 361 72
2028 2138 144
2269 734 196
1672 104 143
512 380 35
2013 2094 131
1662 735 59
1927 907 192
1944 1189 28
220 1485 25
1594 436 25
595 1083 68
1128 2006 147
187 1590 141
738 351 160
2079 1457 78
2404 543 101
812 226 144
1596 1017 16
1305 1007 169
1642 336 99
1326 814 24
2313 2119 58
897 840 87
2095 347 44
1523 412 81
956 1359 48
1371 991 74
1828 914 55
1897 2473 51
2242 2142 47
1026 714 25
430 1196 4
95 494 68
2188 2141 80
42 626 135
2361 501 108
122 193 94
118 218 4
1444 394 40
1512 1926 29
2479 749 51
393 1445 55
1124 1854 37
1548 1347 27
1062 1405 39
72 1887 6
300 2057 129
1268 1252 20
2492 667 118
847 2094 188
1422 413 68
800 2445 98
1202 829 143
2105 1769 169
1642 1297 63
721 1245 119
2126 1220 185
675 985 60
650 2015 96
4 33 52
1538 1815 164
2152 1220 91
918 1684 119
1585 2253 187
1270 1249 138
2398 425 169
28 649 194
383 1772 70
894 878 15
1605 485 144
1496 1812 94
1393 1799 191
1300 2391 94
1575 1550 175
1815 174 70
1719 1866 34
239 2412 53
1464 1509 150
589 2246 32
1921 107 72
2369 1422 59
1658 2148 183
739 1623 124
907 1207 190
1157 346 152
1924 2119 151
2098 1837 192
907 2011 14
2152 881 45
2244 242 46
2079 2450 106
2015 2286 28
1125 2205 157
1418 1228 156
103 1787 69
1699 1480 12
2490 759 91
776 911 133
2090 2297 151
613 123 130
173 837 78
554 1477 71
1586 153 152
398 2252 2
436 1694 73
417 1717 129
1512 2126 39
2297 1440 145
1057 327 103
1759 2089 22
87 1609 178
129 1980 148
50 1281 46
129 1563 27
2220 678 92
1548 1286 32
2407 1185 155
1770 2210 157
2422 946 66
1017 1861 98
836 191 78
550 1006 87
889 1176 144
2378 131 88
1556 2483 54
1 255 90
2489 216 9
1311 941 200
498 2208 55
305 738 86
2500 793 14
113 1183 184
352 1130 138
34 1601 65
1184 1858 169
1711 1969 109
142 233 38
1685 2500 102
2370 1084 57
2193 141 88
13 1311 21
2336 1664 16
898 1178 175
135 54 134
1379 2287 25
235 576 150
713 1985 25
293 1505 23
1556 1414 63
1974 85 161
1123 1054 198
1823 2251 138
1418 1507 132
2198 6 37
358 1600 91
1899 986 48
1085 593 126
1497 2356 29
339 2343 29
2296 743 38
507 1768 54
2294 1006 147
1110 1425 55
1966 2240 7
1710 493 100
676 1037 62
1148 619 14
1728 713 97
1910 342 131
1591 1535 116
1287 1024 67
1345 237 38
417 894 150
972 845 178
1786 1201 191
286 826 119
669 7 130
1509 2042 26
537 1981 117
471 385 148
329 437 5
701 24 165
1412 1041 51
1505 984 167
1142 171 46
507 1589 57
108 767 58
179 1700 75
1656 192 191
2333 859 197
1418 791 168
1708 735 47
1463 1903 40
927 1596 107
815 351 187
280 277 23
1880 2302 13
677 665 158
71 1039 113
145 1562 181
701 644 57
562 148 140
2309 1791 53
980 119 20
1508 2285 148
2478 676 14
1210 872 43
1340 1337 22
1502 1035 130
1359 1437 70
398 1005 199
1703 606 39
33 66 117
1982 580 24
1728 1772 114
383 1141 17
989 320 190
514 760 52
2272 784 165
2039 513 185
1760 1002 175
1234 60 115
150 1596 123
2042 417 178
1053 566 92
139 811 168
56 1288 25
723 1440 42
1649 1805 35
1869 1442 73
169 2475 177
138 634 42
746 519 16
475 1753 47
1457 525 167
582 645 41
1835 297 77
28 1206 19
1792 1642 66
1192 2472 60
1201 218 17
1944 2125 65
1506 1158 103
167 1776 47
133 2290 47
2146 1004 153
1902 827 154
1185 2150 151
406 1847 26
1471 1837 196
2294 1324 133
1357 897 11
277 693 151
291 1296 53
2351 816 37
1862 1261 185
1230 35 51
583 1807 137
585 791 18
1683 1567 117
1389 1926 102
611 1451 183
1122 194 39
1755 2094 96
281 639 168
2421 1846 84
1366 2197 34
391 133 190
340 184 18
2130 1754 80
1114 601 53
146 2362 152
819 1464 14
2408 2055 77
618 1212 30
2265 967 132
2443 699 123
1156 88 58
659 1965 163
1011 947 66
881 666 147
1041 2298 43
1965 695 185
271 216 1
1207 2107 103
2197 1334 12
1568 416 46
176 1355 49
2420 580 189
1322 93 198
2198 1010 53
72 659 123
1860 498 200
1900 1621 121
2037 1985 113
1916 1454 86
742 200 168
1709 1845 170
2182 2380 109
2208 260 107
1350 1576 27
125 108 175
385 129 147
646 482 115
150 1669 139
308 1794 105
1106 1698 18
956 1642 144
1134 2098 80
737 2056 34
1955 931 53
2405 280 89
2371 1755 73
2177 1702 16
587 1732 81
2476 261 115
1439 1658 191
1939 1482 48
243 2119 71
632 1562 20
1282 991 34
1173 1564 103
503 1929 122
2399 1448 146
907 2223 87
795 1078 45
1184 1548 41
486 1465 124
338 1654 169
631 256 67
2359 13 57
819 702 143
1277 1507 103
685 24 71
1313 751 76
312 1851 196
489 1521 102
184 2299 93
1349 1785 46
2188 1963 144
759 1860 72
1517 673 33
1942 184 89
2016 1477 117
799 40 84
706 2498 147
770 1176 118
1888 21 31
2443 1736 190
374 981 74
778 787 182
1786 523 146
980 1086 114
936 2236 84
2187 1097 49
2086 2253 122
1761 1983 37
189 2420 37
1793 2066 79
1699 1497 187
1012 977 148
2122 703 46
1703 1065 140
73 2258 171
1921 1655 160
1081 2299 192
1461 511 192
868 2034 76
2137 500 176
791 1877 57
273 704 87
968 2016 143
996 1067 57
1687 938 199
127 865 86
1666 1409 141
1361 315 155
513 2253 139
1207 26 31
1750 680 80
814 1339 118
922 1646 192
1970 1840 109
1566 1263 74
1182 1971 148
2054 209 109
1716 1930 67
190 2164 172
542 1260 32
1073 15 167
989 671 169
2200 656 51
945 437 79
1907 1928 114
24 2372 128
2074 962 174
2435 1103 188
1418 1464 154
1127 596 96
1714 2407 171
1360 806 97
2334 1724 53
380 520 127
294 1586 66
1372 445 108
2272 1588 100
1520 1097 116
53 2493 154
758 91 160
858 887 10
866 687 20
260 2314 36
1029 1602 69
370 457 132
79 1075 196
844 1275 117
25 512 186
723 1472 58
1596 675 39
2184 1659 96
723 1984 32
2004 2233 101
591 1481 9
506 203 59
2319 558 162
1621 29 57
714 833 93
2183 1468 121
2359 1075 188
1595 2484 165
2265 2215 147
1891 426 56
664 1468 193
1732 120 81
2219 1129 149
2221 1580 92
1267 88 9
2127 2326 160
19 721 36
1315 457 148
1657 135 161
752 1209 79
2295 90 125
477 2195 91
190 1873 20
302 1703 45
524 1540 10
1828 1638 187
2417 1828 170
124 2400 115
416 1145 37
1170 379 77
359 453 47
2138 916 189
2117 2289 183
575 334 116
1057 657 63
2117 2025 130
2443 1985 73
2050 897 27
1083 203 176
417 666 153
1260 256 18
345 1055 44
1825 2000 23
122 734 14
2418 794 74
2061 1176 75
986 2 23
709 2396 27
1721 1292 189
930 1573 178
194 9 55
923 877 138
817 1304 91
413 2290 54
2480 2300 123
403 103 170
655 230 135
2439 2275 27
1464 635 173
1849 1454 104
2308 519 134
2438 696 180
662 645 60
962 1908 177
973 646 193
473 629 197
1812 536 36
1230 1217 133
2457 1159 150
2121 797 125
621 2027 7
1484 946 175
1692 1589 139
665 605 78
354 443 5
624 2353 26
112 343 125
1150 136 191
147 2329 56
305 1742 110
1882 280 103
84 693 133
2313 1100 162
1048 2406 91
70 2460 29
2140 1229 181
2472 1779 41
957 2149 45
2246 1126 11
2199 617 181
2316 1065 27
1973 2480 194
2483 506 137
334 1106 188
733 639 166
1065 2019 200
33 9 97
939 1479 39
746 1560 170
745 2363 170
1050 1519 68
559 2144 62
604 1691 187
1227 1104 5
1301 1769 24
1348 397 167
231 1666 153
2001 1118 174
787 669 198
1580 1225 129
1261 2159 26
768 1813 135
453 170 163
1571 712 36
1891 1712 65
2251 1461 146
2268 1755 188
718 2066 143
2089 274 16
80 838 189
1770 1887 31
810 2141 122
820 2382 27
521 1412 55
894 1985 158
500 337 30
951 1458 6
366 2335 50
1595 1093 71
120 518 114
254 1118 178
1661 1506 154
2092 1563 177
2355 73 135
517 51 194
1946 1853 148
22 562 145
260 867 86
1940 219 108
269 1055 51
2433 1300 21
1736 1099 193
1417 1183 30
317 560 159
2084 2400 136
858 71 72
2343 281 78
407 796 87
2404 753 119
536 2286 29
1679 961 102
950 2365 186
127 2158 138
2342 1439 194
2097 1034 94
2269 374 136
1610 97 182
1562 740 185
924 1000 132
1850 443 7
1851 788 41
270 1724 189
1468 2084 1
1159 607 139
1964 921 167
759 2186 24
230 1799 157
471 676 197
1684 2489 20
447 2191 76
2470 520 142
1198 1046 55
2159 1559 195
1292 842 38
1401 733 76
2237 2439 159
581 2086 14
285 254 128
286 2427 71
2037 782 171
1550 1349 78
1200 1836 174
638 852 132
118 234 172
2377 530 132
1045 343 68
1 29 117
135 2500 158
1741 582 24
942 2132 150
1540 1800 176
1600 1864 46
2227 202 25
1584 2390 136
2025 1396 146
1171 1484 118
893 1253 125
2274 241 56
1969 2071 44
31 757 166
615 481 59
2359 625 9
312 1668 118
929 91 100
2081 1371 191
413 1501 65
776 85 83
412 107 69
1145 1327 37
2367 1593 189
1339 866 13
1448 2447 60
1053 772 57
1111 2058 67
1251 171 146
1426 1149 75
775 2044 30
537 1764 17
1859 1435 102
2062 156 16
1175 583 140
2083 1525 101
1576 1838 177
1301 1925 65
538 196 126
1130 352 189
795 1745 107
76 1072 91
1885 2320 180
2196 159 8
846 375 39
1157 2321 33
2267 2223 158
554 1272 156
1890 126 30
629 2040 128
395 991 49
555 518 193
31 119 149
1557 491 83
2244 1440 102
1494 1928 70
394 1034 32
1093 1136 27
843 1581 17
2462 1218 108
921 746 167
122 283 183
2007 1492 71
2116 2196 144
1764 2272 193
2436 1718 13
882 968 122
1953 2323 29
731 430 25
200 1654 152
1795 42 65
884 1221 145
389 1578 14
203 1159 3
1254 2250 59
1576 591 39
1824 1396 102
2206 1559 124
1788 1042 27
31 1210 21
936 2044 132
675 1403 101
572 1276 10
1431 295 23
1737 1891 16
2453 1755 183
434 189 56
1961 446 124
543 2160 88
944 348 185
1390 1669 189
699 2281 80
208 1814 61
448 2347 72
2183 2345 143
1449 637 154
50 1389 24
1826 1752 191
140 2047 163
776 125 79
2486 104 182
378 1351 49
171 995 17
230 2227 39
2416 1173 153
863 1422 68
1129 1466 130
260 1583 190
2487 1420 136
2141 1167 33
986 823 4
162 1897 142
2151 933 73
2362 2271 114
2166 646 121
1811 2129 171
1622 1097 5
1015 800 11
270 2053 36
472 1345 31
1383 2262 196
2152 667 84
1211 1759 173
2296 407 15
953 285 106
813 522 142
1576 2291 126
1612 2168 183
784 888 194
551 2180 69
1275 885 30
336 2461 106
1512 2493 25
51 2017 61
2302 760 110
424 68 101
2226 757 141
49 1656 8
1950 992 161
1883 2337 20
271 2180 126
520 2310 102
1632 825 8
226 2302 84
1470 2489 165
1464 1625 135
271 352 198
1225 2012 68
266 841 180
2456 1029 62
2433 728 161
1140 167 38
2049 2349 5
2049 566 22
2134 676 42
15 2148 163
1455 2177 55
1659 1722 185
689 467 117
857 181 30
2038 1130 190
2344 2005 102
1885 421 188
137 1553 183
1529 1367 73
1694 1959 180
1484 988 24
398 1097 195
1402 154 121
504 973 21
1933 2454 25
34 58 66
233 2281 168
1967 691 69
2427 329 80
1645 2204 50
1334 2004 111
741 1028 11
528 283 194
2188 364 162
66 1100 52
2319 2082 159
604 1359 39
2179 2465 58
1573 2222 123
757 868 61
1799 344 35
1842 1520 153
1563 912 12
1794 2406 82
1152 761 99
1272 843 95
85 1536 101
956 1156 124
651 1689 140
1511 1018 133
2449 1211 96
1420 2149 190
172 852 96
1224 1138 50
801 1908 135
885 2178 13
642 305 97
663 38 152
852 233 166
1439 2446 29
695 2027 179
746 1929 6
150 258 113
1902 200 128
193 2354 196
1543 68 150
2377 1756 143
1749 104 16
1548 1074 166
2250 138 170
1832 471 54
1269 553 179
1157 2482 96
87 1430 132
1779 360 153
90 1959 39
2055 473 9
657 1672 148
1004 2012 175
1320 1108 6
100 789 62
1546 1936 93
733 77 68
404 868 100
1055 168 13
1115 130 194
1978 2355 13
1832 2390 127
148 1300 90
2175 837 13
1888 1958 104
1992 483 30
2028 862 153
997 647 184
598 1555 33
603 946 77
725 1582 196
1624 133 144
103 370 83
2490 1938 200
36 680 55
2153 900 151
133 1446 94
1872 150 191
1705 2178 106
320 2251 129
229 723 69
1286 1275 185
1652 1385 38
916 190 82
1575 1260 51
2047 1761 28
2234 1922 162
319 2047 151
1264 1462 47
959 2095 172
446 1003 47
421 255 154
761 1087 20
1236 1617 114
836 1093 19
1766 1871 137
1526 247 45
2013 1983 16
106 727 2
774 307 81
1594 1491 192
1715 724 58
201 1350 123
786 1763 103
1269 1375 153
1349 1736 39
263 738 73
1793 2201 144
20 2482 171
1492 1646 185
215 2086 80
1900 1283 187
2120 151 194
186 517 9
389 2000 26
1897 270 132
2315 1503 171
2038 99 78
399 1852 89
1964 1554 106
742 1268 63
2156 1582 96
2119 1873 95
2171 39 122
1446 2024 44
2366 2219 136
1938 2100 100
693 555 125
32 567 30
223 2057 19
1876 1693 111
862 633 129
523 1150 78
1827 1849 79
278 2339 176
1445 1126 140
2322 1341 41
467 1582 149
48 2452 108
2052 611 158
2078 510 4
1577 541 24
75 455 170
1907 2486 200
549 1431 174
1659 817 85
374 32 5
2284 792 23
511 988 165
569 995 180
1524 710 58
1642 1786 78
1524 2273 29
1436 1050 118
1510 244 68
1266 1591 92
370 1539 5
1277 2213 192
194 910 21
698 163 129
1101 260 43
941 90 95
143 1621 87
1147 465 87
1272 944 67
1475 946 189
2350 828 155
1505 782 47
1258 2286 115
351 333 74
2444 2313 33
2384 740 169
90 184 10
1988 1296 46
1913 1140 136
1749 1480 8
1231 1455 2
1441 2044 119
913 1878 24
1473 1984 86
2187 1221 58
2203 1940 7
2277 925 53
538 1536 100
817 1891 168
2107 1222 176
1521 293 166
548 1759 85
1532 330 183
206 1163 90
924 871 143
1783 1697 181
2470 1573 116
1052 2237 156
175 978 155
2230 883 52
2270 1238 102
677 1105 74
1662 1198 196
2126 486 63
1730 61 119
1574 580 110
2163 225 175
183 2476 16
1844 2447 133
2069 185 162
473 287 67
1090 2152 5
2234 595 77
599 1105 134
469 1185 18
465 2117 15
1567 2497 74
2149 11 197
942 792 67
590 1521 156
949 752 82
2272 1826 29
1174 955 110
1431 1239 192
1240 2354 49
68 2055 78
2491 1198 57
774 590 63
37 1930 89
540 86 42
1668 521 161
1048 2082 183
2107 1990 185
904 1961 63
1233 393 44
1564 1924 12
2241 693 44
2271 1420 50
1113 577 46
2487 2057 4
1365 1499 109
379 839 124
506 2412 194
618 944 28
2015 291 17
802 340 145
237 13 75
434 2241 2
184 1136 29
634 438 135
1078 1172 123
2264 2160 141
1869 283 49
367 791 28
1959 2072 107
1306 1002 35
1771 2056 108
1800 231 76
1304 1440 195
2489 1165 74
2049 359 81
2488 2265 114
1514 2453 171
2479 1767 105
1417 1150 178
338 1038 60
433 956 106
527 938 167
1415 656 91
1447 683 36
94 1437 47
1239 457 4
2215 600 42
1926 575 125
345 2364 150
1777 598 135
1648 2427 44
745 1093 162
2270 176 140
2197 1982 72
269 1714 67
1031 807 110
1791 1560 85
2047 260 104
607 392 94
697 584 151
58 2436 13
1668 870 166
1904 974 192
17 1150 116
119 1744 189
2498 212 92
1875 1064 126
2008 871 122
228 159 137
776 1222 177
1800 2420 42
1112 713 10
1136 764 31
1015 837 184
1033 2489 140
1206 2171 141
2369 892 129
2486 538 121
625 998 155
1204 495 163
1366 55 101
2303 2215 30
1795 1027 64
529 1749 80
1352 200 4
943 1781 17
291 99 59
1731 1054 152
763 445 50
486 2056 173
390 359 153
130 2141 61
547 1128 45
1423 937 74
1655 334 157
1052 392 135
1432 2323 80
703 1177 181
770 389 30
886 2003 11
1328 1775 161
100 43 56
1894 1066 129
2073 1785 127
1299 524 2
1588 1589 198
1653 1676 151
679 1456 94
631 2407 132
490 166 122
128 2465 41
1114 390 111
489 1264 121
689 1322 65
1004 2255 123
317 855 187
1426 2025 19
2303 121 60
489 683 142
75 1501 167
1223 755 153
851 1517 27
987 1603 138
1402 402 150
968 103 66
1882 1844 111
2009 1490 59
185 622 107
1587 1488 172
2491 2473 119
2074 2354 82
163 497 14
1952 1616 5
2286 334 165
505 338 54
1285 1334 173
1922 1545 171
758 89 130
298 841 124
402 344 77
1732 1 49
1114 254 112
2194 1333 52
1815 1600 17
713 1835 50
2253 913 142
710 2451 181
70 2036 163
866 112 18
1012 764 122
107 846 44
2351 94 65
1943 2445 34
737 1503 26
60 454 8
1507 1544 130
252 1071 196
1229 42 60
721 216 145
2179 159 185
239 384 39
1238 1136 31
2283 2316 81
2022 2426 153
1705 447 13
505 546 26
1245 50 195
1030 133 10
2317 2430 162
1634 431 147
533 284 74
440 1881 36
2488 571 190
130 561 122
598 2190 164
445 1122 106
316 714 135
2000 638 16
1665 2059 112
884 1847 144
238 2332 56
2252 1852 91
1053 2296 21
1562 1861 168
274 535 134
192 1802 179
388 380 101
1616 210 73
62 2453 171
324 565 138
2051 1611 192
479 2444 162
2322 219 99
184 1934 96
2210 1073 69
1204 365 46
1850 1551 47
1143 2445 156
1460 769 86
302 769 48
107 688 136
310 865 34
1852 1641 26
1725 347 1
839 1032 22
718 1125 185
2316 2345 153
2020 1071 168
1420 2175 88
2031 2346 117
545 1700 163
1686 1116 122
1503 1042 5
574 734 53
312 2230 25
2160 2484 66
1346 1451 27
1092 1898 14
2372 1987 63
191 585 107
419 1623 120
2167 1219 192
960 2067 104
780 499 68
1346 1104 31
21 1026 135
822 1834 36
288 894 28
849 1625 93
1919 301 45
1432 1587 96
1509 1754 198
693 1122 20
1408 1572 23
562 1992 53
252 1524 166
2457 1981 62
966 24 101
829 1736 154
2113 1183 77
1158 290 93
200 1777 62
843 1632 61
1201 1639 81
2121 46 130
169 1642 163
835 1634 71
583 1 161
1365 1142 100
1337 166 34
1530 1328 55
1029 320 185
2111 169 18
1898 626 7
1411 964 49
2191 2470 145
1100 2144 156
2465 2038 159
2207 1912 15
2448 1294 130
1588 1581 86
1265 2235 77
1516 119 185
2348 649 148
556 833 182
838 2428 97
860 825 200
654 202 42
1905 730 16
566 1151 133
584 2220 97
1940 779 39
242 804 7
121 171 50
1706 2025 79
1788 1985 30
140 399 174
139 1316 3
1542 1986 64
2212 67 28
2084 1431 166
2083 483 32
736 791 13
757 803 49
1514 1127 98
2065 716 94
1908 938 19
1339 2425 71
1184 1346 129
1060 2484 22
38 1561 150
924 884 106
848 1814 187
1985 1910 35
1 1971 40
1158 669 57
1986 1093 23
2234 236 184
2328 2000 62
2091 2136 101
1480 1574 107
1886 2246 10
837 2482 140
2200 102 8
196 1220 85
1428 1856 161
2134 453 1
604 1689 199
1876 1570 105
1991 344 158
358 1320 76
1650 691 147
799 1968 147
510 81 80
482 708 120
2139 2426 100
771 2015 111
2356 1733 166
1119 1721 38
765 710 104
45 2051 142
1802 2345 28
1142 411 97
2325 2184 99
641 1132 171
1255 1036 104
1946 110 15
1033 418 31
319 2433 14
1591 962 133
1636 1518 46
1822 1819 6
1834 2222 47
2471 789 195
1009 2228 36
578 676 6
51 2143 55
319 1391 125
980 1366 155
672 1523 45
2268 10 11
1873 1553 75
1978 1198 171
2442 268 142
618 2469 66
2322 1156 128
1915 784 138
1933 1550 163
383 1536 193
136 1431 135
21 229 89
2225 1635 34
604 2126 123
283 761 66
1931 765 24
823 1987 109
2139 1132 166
1427 1863 164
879 1920 52
1242 316 77
1169 1522 99
2088 532 40
840 553 31
475 782 143
1619 401 101
1735 607 81
2291 1924 200
669 486 35
456 45 45
709 801 20
519 1350 148
81 1800 49
685 1120 133
841 1889 171
1798 1434 141
123 2046 141
728 751 83
1748 600 51
231 897 105
1332 1306 52
1083 640 168
1871 1677 144
557 474 117
1958 787 167
434 844 73
2315 1299 72
1438 1262 10
921 1087 128
942 1554 124
29 492 198
2100 1882 24
811 1172 179
1494 91 54
1235 1267 48
2114 2423 146
975 989 23
878 20 84
967 806 195
147 825 42
1090 2099 198
2067 1461 192
574 466 6
1807 2439 197
19 763 145
1727 2016 94
1824 1070 125
1719 370 73
1671 2162 16
326 230 95
1538 1696 31
1550 301 102
795 1062 104
2493 1460 149
1707 2114 170
640 1956 162
152 1911 78
1577 40 23
3 2225 197
1850 1524 113
224 715 172
1809 1621 182
657 799 150
2146 498 67
2444 1949 193
1032 205 96
2295 451 150
1952 82 199
1846 1176 46
1585 1434 101
1900 1568 98
1010 1442 32
1100 2399 175
1888 760 63
1146 730 60
1825 768 167
1469 928 95
850 1797 143
424 2397 18
412 2369 49
782 1334 175
2189 1885 69
469 2426 5
1845 922 161
1912 1423 152
1701 343 31
926 431 52
221 199 128
1481 1906 183
2426 1615 13
1205 693 10
2439 6 67
1667 2172 81
1965 42 27
387 1936 134
752 725 77
293 660 152
597 2028 8
1788 2028 121
806 1128 38
2211 1584 4
138 1984 142
636 1122 78
2279 81 35
2212 2230 54
1931 409 131
2449 1633 142
171 417 64
1819 1316 185
1510 475 142
1886 1409 161
2249 586 179
102 672 106
2402 2297 173
1110 732 188
1671 1026 185
803 1728 147
2189 353 198
990 396 199
2452 2019 174
1258 1720 74
1916 569 84
611 1860 126
97 340 184
1019 1660 119
562 1168 4
667 2439 27
2194 383 77
761 1239 158
1281 1055 79
562 1869 122
674 1099 158
1259 920 146
402 190 17
957 740 126
626 1033 179
422 1217 163
288 709 139
531 2106 91
1300 2070 8
754 1914 57
786 584 149
1094 800 163
607 1167 136
1220 1672 65
100 609 48
1515 415 13
8 123 128
2493 321 200
2399 1272 187
2193 1053 18
25 2489 94
90 189 15
2297 269 147
359 1738 146
1569 798 26
2148 722 38
644 2408 71
2050 47 40
2253 13 21
1432 2477 92
526 346 100
1917 275 57
1178 1873 137
1009 1897 110
133 2359 189
745 5 131
1728 150 120
2369 175 102
862 1756 167
1928 1314 163
2281 1319 129
790 1714 142
724 297 132
341 232 136
633 2083 183
751 145 53
2458 2102 69
1034 774 95
420 1027 84
1534 1783 113
2437 1826 53
813 25 46
797 203 174
2259 1806 78
1359 1112 82
1651 1571 181
1754 2328 160
1217 798 119
219 1278 182
1066 2153 114
1872 1177 187
1875 243 42
510 1598 63
1249 2243 149
93 1037 21
2118 1230 25
1782 2139 107
562 2351 148
1959 1540 106
2482 1469 15
602 317 95
1968 2046 168
40 1164 1
2275 945 200
26 581 18
1825 450 87
675 1258 186
1216 59 76
231 1583 12
38 271 163
1592 29 62
1113 2197 77
2101 2459 172
1692 749 123
199 51 159
729 646 143
2439 1861 74
1978 1494 96
405 2214 33
526 905 96
1722 849 169
585 621 92
2339 1733 120
338 1067 33
2263 1035 32
1138 2195 103
2012 15 43
2270 1335 148
2231 1504 42
607 412 98
2238 603 16
564 618 118
2000 2152 44
39 1783 55
1888 2013 113
1423 1338 175
2092 809 119
1852 778 24
853 1212 31
1590 502 16
2488 2229 30
2422 988 64
2328 1989 78
1715 847 76
83 332 40
120 1670 48
1863 2407 161
1253 906 162
221 1881 42
1551 1340 139
2125 952 6
2441 490 26
1483 105 54
881 1431 12
107 559 188
2052 1328 31
123 748 8
1797 1215 6
2450 407 11
16 1936 189
286 835 114
1524 1477 164
1678 727 123
1708 1030 67
1128 1926 101
749 476 131
258 1414 97
2017 593 106
2252 1808 131
204 548 53
2256 2185 136
595 147 191
537 48 106
608 779 159
1282 247 100
1923 2093 14
309 1553 42
1292 77 125
658 1709 147
2459 1633 64
1628 332 42
180 638 101
1638 910 151
2155 1041 198
1328 1980 47
2140 839 82
899 2293 22
1198 294 14
1207 930 94
352 2317 195
1239 1489 76
1472 422 181
1684 1967 100
2257 610 67
1169 1860 196
2185 429 95
1833 1867 59
267 1964 114
2432 1287 161
667 950 123
261 1384 174
2467 707 147
2475 709 147
1171 821 67
70 1379 128
539 1385 160
268 1979 31
922 192 91
594 1445 10
2008 1041 124
723 648 151
226 2263 183
470 2241 2
2356 306 127
1288 1864 180
467 1979 146
1710 1387 107
2221 644 7
1943 362 184
1439 1818 196
1210 1300 98
1296 1243 53
1368 1641 104
856 1756 53
1857 946 63
498 651 190
66 2206 128
1948 1928 104
1277 1766 76
247 2282 4
816 1764 161
1817 82 178
34 1829 185
204 1945 77
875 2109 136
1903 1436 42
1787 394 121
1415 945 58
413 2305 97
192 1707 27
1217 84 134
2012 977 106
2166 707 99
2419 120 192
25 468 51
2435 1496 176
1576 195 188
466 2263 40
9 2461 83
587 1496 123
1436 1449 160
120 139 67
1374 751 61
1842 2094 149
407 1919 69
213 1066 20
128 1072 115
543 251 150
1729 1262 178
1237 1526 7
466 2284 154
1406 1627 154
166 1546 128
781 2432 181
184 1348 124
1582 1564 145
2250 1927 41
1663 1292 30
2199 1599 179
1228 326 61
1270 181 24
2348 1403 166
1083 424 56
688 1308 10
1331 1092 112
45 1845 76
190 706 157
2225 1218 57
2049 761 81
1651 2089 167
1068 779 174
1344 1549 133
1577 764 199
1836 2117 58
981 2167 62
492 1434 130
1586 251 92
2194 789 89
787 1558 160
1328 1911 27
1291 1242 65
667 75 93
149 1913 93
217 159 28
1160 43 40
164 1449 197
1251 397 197
2179 1609 87
938 304 124
502 2042 46
1131 95 1
1494 2055 195
1705 543 125
70 1082 44
1828 702 103
1524 2039 162
1335 602 6
1901 2233 57
1137 1211 118
94 1978 193
411 1991 9
276 390 70
1392 1140 36
1807 40 174
1070 74 45
1828 1696 137
396 103 117
1508 523 165
2449 9 173
2009 1291 158
48 832 87
1697 907 68
1815 1191 68
606 512 184
2154 1440 27
1943 1930 41
1028 1041 87
944 1548 154
971 611 6
2210 472 72
2243 2333 43
2421 726 82
1719 1589 152
2253 858 66
976 2431 152
1103 751 189
1748 73 91
1220 1218 194
1261 757 93
194 1200 33
1350 1374 144
434 445 57
1987 526 165
1501 2333 23
1646 54 110
896 1748 109
1820 1635 137
624 1245 183
2491 876 147
440 49 166
1463 1169 120
470 2483 114
788 2341 167
134 291 122
637 1178 196
907 1964 50
1621 557 134
2067 956 58
422 462 102
1661 1417 164
1239 879 198
2335 2089 100
471 200 116
367 1466 33
2375 1579 138
1801 349 194
959 1758 72
1559 2183 18
1066 207 21
313 205 3
1698 2137 44
1617 479 107
125 116 74
1161 2179 137
2220 2109 189
283 1822 17
224 213 187
2171 2267 43
269 959 77
2163 2447 182
1754 2205 39
1098 1823 196
1412 1116 188
1222 238 5
579 2141 65
567 1695 132
1866 1757 185
2066 107 66
2001 985 190
403 412 158
1808 1908 28
1187 444 36
613 732 78
2050 1207 2
1436 1047 160
77 1812 109
91 1165 198
2226 1608 84
1416 2378 95
381 356 169
1935 384 12
317 904 149
1701 542 61
1274 224 190
2033 2224 188
679 740 104
1138 2391 64
2178 2302 4
1914 1831 115
1600 499 104
1599 118 191
2369 2375 93
449 1607 185
1349 927 168
736 2408 178
472 2206 31
1421 1846 59
760 599 43
309 2278 67
134 1006 79
2291 312 41
18 403 70
544 849 27
1761 58 64
647 2491 69
1027 887 11
1650 1340 14
163 859 21
438 2316 76
1373 2377 191
1430 556 11
1578 2285 76
936 977 41
1049 1030 191
134 1368 38
2324 446 4
495 587 135
1453 276 142
1926 2202 56
305 2379 192
934 761 126
327 626 91
1690 2208 136
848 720 84
1115 1929 114
2049 527 41
228 1710 67
566 1466 88
1974 1477 151
1154 1954 30
2010 344 1
1272 1112 179
1764 1189 169
3 461 169
2374 167 161
419 2386 2
986 1620 147
1614 1697 190
1895 805 120
1220 1128 89
962 1796 53
1144 91 148
466 1125 85
26 954 193
